1 0 NCT00002814 1 1
1 0 NCT00003470 1 1
1 0 NCT00003471 0 0
1 0 NCT00003621 0 0
1 0 NCT00006474 0 0
1 0 NCT00064363 0 0
1 0 NCT00080054 2 2
1 0 NCT00276783 1 1
1 0 NCT00301418 2 2
1 0 NCT00354068 2
1 0 NCT00430872 2
1 0 NCT00458731 2
1 0 NCT00575887 2
1 0 NCT00612001 2
1 0 NCT00613093 2
1 0 NCT00631137 2
1 0 NCT00668122 0
1 0 NCT00704080 2
1 0 NCT00705198 2
1 0 NCT00723827 2
2 0 NCT00000469 0 0
2 0 NCT00005199 2 0
2 0 NCT00005267 0 0
2 0 NCT00172419 0 0
2 0 NCT00176410 2 1
2 0 NCT00247533 1 0
2 0 NCT00256165 2 1
2 0 NCT00269165 2 0
2 0 NCT00294775 2 1
2 0 NCT00535899 2
2 0 NCT00598754 2
2 0 NCT00699452 2
2 0 NCT00767013 2
2 0 NCT00774657 2
2 0 NCT00782327 0
2 0 NCT00860678 2
2 0 NCT00965679 2
3 0 NCT00363662 2
3 0 NCT00418275 0
3 0 NCT00449787 2
3 0 NCT00587054 0
3 0 NCT00654563 0
3 0 NCT00665236 0
3 0 NCT00733382 0
3 0 NCT00760903 2
3 0 NCT00857662 2
4 0 NCT00002471 2 0
4 0 NCT00002663 2
4 0 NCT00003337 2
4 0 NCT00003338 2
4 0 NCT00003863 2
4 0 NCT00004260 2
4 0 NCT00005985 2
4 0 NCT00008216 2
4 0 NCT00008307 2
4 0 NCT00039130 2
4 0 NCT00126191 2
4 0 NCT00133991 2
4 0 NCT00180882 2
4 0 NCT00199082 2
4 0 NCT00203996 0
4 0 NCT00266370 2
4 0 NCT00278408 2
4 0 NCT00440583 2
4 0 NCT00447304 0
4 0 NCT00587054 2
4 0 NCT00669877 2
4 0 NCT00944567 2
4 0 NCT00949741 2
5 0 NCT00000469 0
5 0 NCT00004732 2
5 0 NCT00005479 2
5 0 NCT00011258 2
5 0 NCT00106886 2
5 0 NCT00106938 2
5 0 NCT00125671 2
5 0 NCT00177346 2
5 0 NCT00178451 2
5 0 NCT00180518 2
5 0 NCT00217178 2
5 0 NCT00247533 2
5 0 NCT00271076 2
5 0 NCT00316108 2
5 0 NCT00380185 2
5 0 NCT00417963 2
5 0 NCT00536796 2
5 0 NCT00536965 2
5 0 NCT00619775 2
5 0 NCT00670202 2
5 0 NCT00729040 2
5 0 NCT00744523 2
5 0 NCT00764985 0
5 0 NCT00772278 2
5 0 NCT00805311 2
5 0 NCT00830232 2
5 0 NCT00860184 2
5 0 NCT00919165 2
6 0 NCT00155363 2
6 0 NCT00269399 2
6 0 NCT00304369 2
6 0 NCT00304408 1
6 0 NCT00359970 0
6 0 NCT00397358 2
6 0 NCT00510549 2
6 0 NCT00587054 0
6 0 NCT00591357 2
6 0 NCT00644046 2
6 0 NCT00692068 2
6 0 NCT00741052 0
6 0 NCT00752245 2
6 0 NCT00807326 2
6 0 NCT00865449 2
6 0 NCT00931970 2
6 0 NCT00973908 2
7 0 NCT00010816 2
7 0 NCT00043303 1
7 0 NCT00160940 2
7 0 NCT00301509 2
7 0 NCT00364689 2
7 0 NCT00433368 2
7 0 NCT00475592 2
7 0 NCT00485290 2
7 0 NCT00512941 2
7 0 NCT00558038 2
7 0 NCT00587197 2
7 0 NCT00597909 2
7 0 NCT00729157 0
7 0 NCT00772057 2
7 0 NCT00811967 2
7 0 NCT00859053 2
7 0 NCT00867698 2
7 0 NCT00911131 2
7 0 NCT00955500 2
8 0 NCT00005579 2
8 0 NCT00005829 2
8 0 NCT00068315 2
8 0 NCT00086840 2
8 0 NCT00102661 2
8 0 NCT00126191 0
8 0 NCT00131014 2
8 0 NCT00162851 2
8 0 NCT00262743 2
8 0 NCT00281931 2
8 0 NCT00289549 2
8 0 NCT00290498 2
8 0 NCT00303966 2
8 0 NCT00364286 2
8 0 NCT00366418 2
8 0 NCT00391066 2
8 0 NCT00439231 2
8 0 NCT00472849 2
8 0 NCT00587847 2
8 0 NCT00632359 2
8 0 NCT00738205 0
8 0 NCT00868478 2
8 0 NCT00899431 2
9 0 NCT00013845 2
9 0 NCT00510783 2
10 0 NCT00001256 0
10 0 NCT00001356 2
10 0 NCT00044122 2
10 0 NCT00263562 0
10 0 NCT00271427 0
10 0 NCT00493129 2
11 0 NCT00001160 2
11 0 NCT00003856 2
11 0 NCT00004062 2
11 0 NCT00026533 2
11 0 NCT00061906 2
11 0 NCT00084435 2
11 0 NCT00085293 2
11 0 NCT00115895 2
11 0 NCT00416949 2
11 0 NCT00459459 2
11 0 NCT00463814 2
11 0 NCT00537095 2
11 0 NCT00559949 2
11 0 NCT00598364 2
11 0 NCT00604318 2
11 0 NCT00729157 2
12 0 NCT00001641 2
12 0 NCT00209274 2
12 0 NCT00209339 2
12 0 NCT00485368 2
12 0 NCT00587899 2
12 0 NCT00672308 0
12 0 NCT00687479 0
12 0 NCT00715845 2
12 0 NCT00763893 2
12 0 NCT00782327 2
12 0 NCT00807040 2
13 0 NCT00005985 2
13 0 NCT00154869 0
13 0 NCT00210886 1
13 0 NCT00210990 2
13 0 NCT00229021 2
13 0 NCT00510406 0
13 0 NCT00554996 2
13 0 NCT00591240 2
13 0 NCT00668122 2
13 0 NCT00771316 2
13 0 NCT00809913 2
13 0 NCT00921024 2
14 0 NCT00037973 2
14 0 NCT00120978 1
14 0 NCT00202150 2
14 0 NCT00215384 1
14 0 NCT00215449 1
14 0 NCT00259779 1
14 0 NCT00317057 2
14 0 NCT00317083 0
14 0 NCT00461240 0
14 0 NCT00516074 2
14 0 NCT00614900 1
14 0 NCT00936273 2
14 0 NCT00994552 2
15 0 NCT00003049 2
15 0 NCT00005267 2
15 0 NCT00005926 2
15 0 NCT00059826 2
15 0 NCT00209339 1
15 0 NCT00224042 2
15 0 NCT00224055 2
15 0 NCT00230971 1
15 0 NCT00265525 2
15 0 NCT00453830 2
15 0 NCT00515034 2
15 0 NCT00516074 0
15 0 NCT00565864 0
15 0 NCT00580749 1
15 0 NCT00629135 2
15 0 NCT00661882 2
15 0 NCT00663247 2
15 0 NCT00664066 2
15 0 NCT00673374 2
15 0 NCT00699166 2
15 0 NCT00729157 0
15 0 NCT00816179 2
15 0 NCT00860587 2
15 0 NCT00870766 1
16 0 NCT00037973 2
16 0 NCT00106821 1
16 0 NCT00202150 0
16 0 NCT00259779 1
16 0 NCT00268866 2
16 0 NCT00303004 2
16 0 NCT00317057 1
16 0 NCT00461240 0
16 0 NCT00614900 2
16 0 NCT00628082 2
16 0 NCT00807040 0
16 0 NCT00982891 2
17 0 NCT00001473 0
17 0 NCT00002548 2
17 0 NCT00002630 2
17 0 NCT00002810 2
17 0 NCT00002878 2
17 0 NCT00003153 2
17 0 NCT00003838 2
17 0 NCT00004165 2
17 0 NCT00006184 2
17 0 NCT00006251 2
17 0 NCT00008216 2
17 0 NCT00045136 2
17 0 NCT00049296 2
17 0 NCT00062621 2
17 0 NCT00075608 2
17 0 NCT00080405 2
17 0 NCT00083564 2
17 0 NCT00083577 2
17 0 NCT00083681 2
17 0 NCT00124813 2
17 0 NCT00153933 2
17 0 NCT00179647 2
17 0 NCT00240162 2
17 0 NCT00306813 2
17 0 NCT00319865 2
17 0 NCT00335348 2
17 0 NCT00401011 2
17 0 NCT00410605 2
17 0 NCT00417911 2
17 0 NCT00425347 2
17 0 NCT00440635 2
17 0 NCT00508209 2
17 0 NCT00516191 2
17 0 NCT00536601 2
17 0 NCT00560053 2
17 0 NCT00560352 2
17 0 NCT00570180 2
17 0 NCT00577668 2
17 0 NCT00586014 2
17 0 NCT00639054 2
17 0 NCT00688168 2
17 0 NCT00691704 2
17 0 NCT00718601 2
17 0 NCT00792142 2
17 0 NCT00806065 2
17 0 NCT00854139 2
17 0 NCT00899080 2
17 0 NCT00948922 2
17 0 NCT00961467 2
17 0 NCT00968396 2
17 0 NCT00995059 2
18 0 NCT00064649 1
18 0 NCT00169767 1
18 0 NCT00199550 1
18 0 NCT00431626 1
18 0 NCT00465101 1
18 0 NCT00468026 2
18 0 NCT00554996 0
18 0 NCT00662064 2
19 0 NCT00000531 2
19 0 NCT00005243 2
19 0 NCT00146679 2
19 0 NCT00221832 2
19 0 NCT00279279 2
19 0 NCT00295204 2
19 0 NCT00300625 2
19 0 NCT00366158 2
19 0 NCT00382928 2
19 0 NCT00383799 2
19 0 NCT00412607 2
19 0 NCT00457340 2
19 0 NCT00617578 2
19 0 NCT00708786 2
19 0 NCT00717106 2
19 0 NCT00721032 2
19 0 NCT00746564 2
19 0 NCT00764985 2
19 0 NCT00925522 2
20 0 NCT00004332 2
20 0 NCT00068042 2
20 0 NCT00143052 2
20 0 NCT00145405 2
20 0 NCT00250159 2
20 0 NCT00376064 2
20 0 NCT00396513 0
20 0 NCT00461240 2
20 0 NCT00517491 2
20 0 NCT00600886 1
20 0 NCT00616642 1
20 0 NCT00652379 2
20 0 NCT00701363 2
20 0 NCT00765323 2
20 0 NCT00913055 2
20 0 NCT00921609 1
21 0 NCT00075205 2
21 0 NCT00483912 2
21 0 NCT00490386 2
21 0 NCT00673374 2
21 0 NCT00699933 2
21 0 NCT00853515 2
21 0 NCT00894907 2
22 0 NCT00172822 2
22 0 NCT00230971 1
22 0 NCT00269399 0
22 0 NCT00530998 0
22 0 NCT00531219 1
22 0 NCT00554008 2
22 0 NCT00629135 1
22 0 NCT00673374 2
22 0 NCT00677417 1
22 0 NCT00677989 1
22 0 NCT00870766 1
22 0 NCT00913380 2
22 0 NCT00913445 2
22 0 NCT00971438 2
23 0 NCT00046748 2
23 0 NCT00147069 2
23 0 NCT00156819 1
23 0 NCT00162773 2
23 0 NCT00163410 1
23 0 NCT00180635 0
23 0 NCT00180661 2
23 0 NCT00182481 2
23 0 NCT00232557 2
23 0 NCT00233233 2
23 0 NCT00425061 2
23 0 NCT00460538 2
23 0 NCT00471809 1
23 0 NCT00479739 2
23 0 NCT00533637 2
23 0 NCT00537628 0
23 0 NCT00651768 1
23 0 NCT00662298 2
23 0 NCT00681382 2
23 0 NCT00706446 2
23 0 NCT00710450 2
23 0 NCT00711399 2
23 0 NCT00766090 1
23 0 NCT00784758 2
23 0 NCT00801853 2
23 0 NCT00900874 1
23 0 NCT00917410 2
23 0 NCT00927901 2
23 0 NCT00954850 2
24 0 NCT00111592 2
24 0 NCT00154843 2
24 0 NCT00169767 2
24 0 NCT00270309 2
24 0 NCT00280605 2
24 0 NCT00309439 0
24 0 NCT00427219 2
24 0 NCT00431626 2
24 0 NCT00465101 2
24 0 NCT00510406 2
24 0 NCT00527488 2
24 0 NCT00540891 1
24 0 NCT00547625 2
24 0 NCT00575913 2
24 0 NCT00591240 0
24 0 NCT00603304 2
24 0 NCT00628615 2
24 0 NCT00651807 2
24 0 NCT00662064 0
24 0 NCT00687388 1
24 0 NCT00701779 2
24 0 NCT00743184 2
24 0 NCT00827814 2
24 0 NCT00836823 2
24 0 NCT00889707 2
24 0 NCT00908427 2
24 0 NCT00939120 2
24 0 NCT00947882 2
25 0 NCT00001250 2
25 0 NCT00002542 2
25 0 NCT00003088 2
25 0 NCT00003782 2
25 0 NCT00009945 2
25 0 NCT00021255 2
25 0 NCT00028340 0
25 0 NCT00041119 2
25 0 NCT00068263 2
25 0 NCT00103181 2
25 0 NCT00121992 2
25 0 NCT00148668 2
25 0 NCT00174655 2
25 0 NCT00199212 2
25 0 NCT00214149 2
25 0 NCT00233974 0
25 0 NCT00334542 2
25 0 NCT00507611 0
25 0 NCT00527293 2
25 0 NCT00599989 2
25 0 NCT00696527 2
25 0 NCT00802932 2
25 0 NCT00882089 2
25 0 NCT00888589 0
25 0 NCT00898937 0
25 0 NCT00909909 2
25 0 NCT00918892 2
26 0 NCT00269399 0
26 0 NCT00370344 2
26 0 NCT00447304 2
26 0 NCT00530998 2
26 0 NCT00575276 2
26 0 NCT00673374 2
26 0 NCT00815438 2
26 0 NCT00904865 2
26 0 NCT00981604 2
27 0 NCT00001729 2
27 0 NCT00001854 2
27 0 NCT00001982 2
27 0 NCT00004851 0
27 0 NCT00010816 0
27 0 NCT00028275 2
27 0 NCT00043303 2
27 0 NCT00133276 0
27 0 NCT00148837 1
27 0 NCT00154869 1
27 0 NCT00160940 0
27 0 NCT00216775 2
27 0 NCT00219999 2
27 0 NCT00230854 2
27 0 NCT00239252 2
27 0 NCT00361179 0
27 0 NCT00418639 2
27 0 NCT00538811 2
27 0 NCT00546715 2
27 0 NCT00602784 2
27 0 NCT00610597 0
27 0 NCT00630006 2
27 0 NCT00635804 2
27 0 NCT00663208 2
27 0 NCT00842205 1
27 0 NCT00880763 2
27 0 NCT00957866 1
27 0 NCT00979979 0
27 0 NCT00998985 1
28 0 NCT00000568 2
28 0 NCT00018408 2
28 0 NCT00037973 2
28 0 NCT00061373 0
28 0 NCT00106821 2
28 0 NCT00120978 2
28 0 NCT00127322 0
28 0 NCT00132236 2
28 0 NCT00144196 2
28 0 NCT00144339 2
28 0 NCT00159341 2
28 0 NCT00180635 2
28 0 NCT00180661 0
28 0 NCT00181272 2
28 0 NCT00202150 2
28 0 NCT00215384 2
28 0 NCT00215436 2
28 0 NCT00215449 2
28 0 NCT00242333 2
28 0 NCT00259779 2
28 0 NCT00271128 2
28 0 NCT00280371 2
28 0 NCT00290030 0
28 0 NCT00298389 2
28 0 NCT00317057 2
28 0 NCT00325897 2
28 0 NCT00328484 2
28 0 NCT00381108 1
28 0 NCT00493974 2
28 0 NCT00495586 2
28 0 NCT00512954 2
28 0 NCT00537628 2
28 0 NCT00549445 2
28 0 NCT00570544 2
28 0 NCT00603304 0
28 0 NCT00629239 2
28 0 NCT00743184 0
28 0 NCT00889837 2
28 0 NCT00949975 2
28 0 NCT00982891 0
29 0 NCT00133809 2
29 0 NCT00173134 2
29 0 NCT00228891 2
29 0 NCT00286962 2
29 0 NCT00305344 2
29 0 NCT00315627 2
29 0 NCT00467246 2
29 0 NCT00539409 2
29 0 NCT00570154 2
30 0 NCT00111735 2
30 0 NCT00150033 2
30 0 NCT00271427 2
30 0 NCT00498238 2
30 0 NCT00524238 2
30 0 NCT00531713 2
30 0 NCT00552487 2
30 0 NCT00565864 2
30 0 NCT00747760 2
30 0 NCT00958113 2
31 0 NCT00002536 2
31 0 NCT00003384 1
31 0 NCT00119509 2
31 0 NCT00154479 2
31 0 NCT00154583 2
31 0 NCT00183456 2
31 0 NCT00266266 1
31 0 NCT00278798 2
31 0 NCT00342173 0
31 0 NCT00342511 2
31 0 NCT00435214 0
31 0 NCT00443313 1
31 0 NCT00458562 1
31 0 NCT00462813 0
31 0 NCT00483288 0
31 0 NCT00506376 2
31 0 NCT00529464 2
31 0 NCT00632190 2
31 0 NCT00658190 2
31 0 NCT00804466 2
31 0 NCT00823511 0
31 0 NCT00872937 2
31 0 NCT00900575 0
31 0 NCT00947271 2
32 0 NCT00004465 2
32 0 NCT00005007 0
32 0 NCT00257374 1
32 0 NCT00269399 0
32 0 NCT00276328 1
32 0 NCT00311831 2
32 0 NCT00404625 0
32 0 NCT00429325 2
32 0 NCT00673374 2
32 0 NCT00692224 0
32 0 NCT00736567 2
32 0 NCT00760825 0
33 0 NCT00006146 2
33 0 NCT00142077 2
33 0 NCT00253734 2
33 0 NCT00283283 2
33 0 NCT00301587 2
33 0 NCT00304642 2
33 0 NCT00304668 2
33 0 NCT00309205 2
33 0 NCT00311649 2
33 0 NCT00347529 2
33 0 NCT00383916 2
33 0 NCT00396305 2
33 0 NCT00404664 2
33 0 NCT00408109 2
33 0 NCT00428753 2
33 0 NCT00430521 2
33 0 NCT00449670 2
33 0 NCT00502684 2
33 0 NCT00574535 2
33 0 NCT00594867 2
33 0 NCT00596336 2
33 0 NCT00616928 2
33 0 NCT00665171 2
33 0 NCT00687479 2
33 0 NCT00719043 2
33 0 NCT00754065 2
33 0 NCT00769002 2
33 0 NCT00770887 2
33 0 NCT00771615 2
33 0 NCT00778765 2
33 0 NCT00783926 2
33 0 NCT00785824 2
33 0 NCT00798226 2
33 0 NCT00806962 2
33 0 NCT00822627 2
33 0 NCT00823511 2
33 0 NCT00858611 2
33 0 NCT00860067 2
33 0 NCT00866437 2
33 0 NCT00877448 2
33 0 NCT00910637 2
33 0 NCT00918476 2
33 0 NCT00943358 2
33 0 NCT00943657 2
33 0 NCT00954798 2
33 0 NCT00964951 2
33 0 NCT00973895 2
33 0 NCT00975884 2
33 0 NCT00979602 2
33 0 NCT00985088 2
33 0 NCT00987350 2
33 0 NCT00989612 2
34 0 NCT00009659 2
34 0 NCT00010517 2
34 0 NCT00021528 2
34 0 NCT00096798 2
34 0 NCT00104611 1
34 0 NCT00227929 2
34 0 NCT00320632 2
34 0 NCT00361218 2
34 0 NCT00519051 2
34 0 NCT00601393 2
34 0 NCT00613912 2
34 0 NCT00641108 2
34 0 NCT00644527 2
34 0 NCT00695552 2
34 0 NCT00763594 2
34 0 NCT00846040 0
34 0 NCT00866294 2
34 0 NCT00938301 2
34 0 NCT00976560 1
34 0 NCT00997490 1
35 0 NCT00071786 2
35 0 NCT00195741 2
35 0 NCT00203255 2
35 0 NCT00210483 2
35 0 NCT00210535 2
35 0 NCT00236509 2
35 0 NCT00237302 2
35 0 NCT00335803 2
35 0 NCT00389038 2
35 0 NCT00475514 2
35 0 NCT00488514 2
35 0 NCT00557544 2
35 0 NCT00665236 2
35 0 NCT00687947 2
35 0 NCT00733382 2
35 0 NCT00750594 2
35 0 NCT00843024 2
35 0 NCT00930852 2
35 0 NCT00963937 2
36 0 NCT00005381 2
36 0 NCT00005654 2
36 0 NCT00006193 2
36 0 NCT00046670 2
36 0 NCT00067509 2
36 0 NCT00105066 2
36 0 NCT00143078 2
36 0 NCT00195793 2
36 0 NCT00203996 2
36 0 NCT00325546 2
36 0 NCT00360373 2
36 0 NCT00368628 0
36 0 NCT00395135 2
36 0 NCT00417547 2
36 0 NCT00434096 2
36 0 NCT00436488 2
36 0 NCT00477399 2
36 0 NCT00501358 2
36 0 NCT00537420 2
36 0 NCT00592943 2
36 0 NCT00603902 2
36 0 NCT00622765 2
36 0 NCT00640757 2
36 0 NCT00664859 2
36 0 NCT00696111 2
36 0 NCT00719186 2
36 0 NCT00739479 2
36 0 NCT00770276 2
36 0 NCT00826774 2
36 0 NCT00846040 2
36 0 NCT00884494 2
36 0 NCT00930228 2
36 0 NCT00937638 2
37 0 NCT00001781 2
37 0 NCT00027300 2
37 0 NCT00067327 2
37 0 NCT00094068 2
37 0 NCT00099502 2
37 0 NCT00151801 2
37 0 NCT00217295 2
37 0 NCT00229502 2
37 0 NCT00245622 2
37 0 NCT00289159 2
37 0 NCT00331747 2
37 0 NCT00340834 2
37 0 NCT00355134 2
37 0 NCT00360906 2
37 0 NCT00382629 2
37 0 NCT00441103 2
37 0 NCT00451204 2
37 0 NCT00461396 2
37 0 NCT00509145 2
37 0 NCT00525668 2
37 0 NCT00616187 2
37 0 NCT00645749 2
37 0 NCT00676715 2
37 0 NCT00752778 2
37 0 NCT00787657 2
37 0 NCT00794352 2
37 0 NCT00837785 2
37 0 NCT00882999 2
37 0 NCT00902135 2
37 0 NCT00910598 2
37 0 NCT00919217 2
38 0 NCT00004682 2
38 0 NCT00294658 2
38 0 NCT00305344 0
38 0 NCT00306033 2
38 0 NCT00309101 2
38 0 NCT00424489 1
38 0 NCT00515450 1
38 0 NCT00570154 0
38 0 NCT00987116 2
39 0 NCT00635375 2
39 0 NCT00653874 2
39 0 NCT00692224 2
39 0 NCT00735319 2
39 0 NCT00917007 2
39 0 NCT00966719 2
40 0 NCT00044122 0
40 0 NCT00051636 2
40 0 NCT00103740 2
40 0 NCT00150033 0
40 0 NCT00306046 2
40 0 NCT00480662 2
40 0 NCT00615628 2
40 0 NCT00668200 0
40 0 NCT00747994 2
40 0 NCT00774020 2
40 0 NCT00958113 0
41 0 NCT00001208 2
41 0 NCT00001549 2
41 0 NCT00001928 1
41 0 NCT00001929 1
41 0 NCT00001931 2
41 0 NCT00004731 0
41 0 NCT00018889 2
41 0 NCT00026598 2
41 0 NCT00220272 1
41 0 NCT00228150 1
41 0 NCT00291265 1
41 0 NCT00329056 1
41 0 NCT00449865 2
41 0 NCT00465790 2
41 0 NCT00466739 2
41 0 NCT00597909 0
41 0 NCT00646204 2
41 0 NCT00654563 1
41 0 NCT00666653 2
41 0 NCT00692328 2
41 0 NCT00736671 1
42 0 NCT00005267 0
42 0 NCT00015613 2
42 0 NCT00194155 2
42 0 NCT00199810 2
42 0 NCT00200252 2
42 0 NCT00333307 2
42 0 NCT00348660 2
42 0 NCT00403572 2
42 0 NCT00585702 2
42 0 NCT00919360 2
43 0 NCT00097422 2
43 0 NCT00164957 2
43 0 NCT00269399 2
43 0 NCT00304369 1
43 0 NCT00304408 2
43 0 NCT00314951 2
43 0 NCT00384527 2
43 0 NCT00406198 0
43 0 NCT00446355 2
43 0 NCT00580346 2
43 0 NCT00591357 2
43 0 NCT00747071 2
43 0 NCT00807326 1
43 0 NCT00861887 2
43 0 NCT00973908 1
45 0 NCT00001716 2
45 0 NCT00004408 2
45 0 NCT00004492 2
45 0 NCT00005783 2
45 0 NCT00011648 2
45 0 NCT00029380 2
45 0 NCT00066079 2
45 0 NCT00094887 2
45 0 NCT00095472 2
45 0 NCT00102791 2
45 0 NCT00110617 2
45 0 NCT00115336 2
45 0 NCT00125788 2
45 0 NCT00126763 2
45 0 NCT00226083 2
45 0 NCT00263562 2
45 0 NCT00270478 2
45 0 NCT00408447 2
45 0 NCT00451919 2
45 0 NCT00489281 2
45 0 NCT00508027 2
45 0 NCT00513617 2
45 0 NCT00528801 2
45 0 NCT00529061 2
45 0 NCT00586209 2
45 0 NCT00599482 2
45 0 NCT00600665 2
45 0 NCT00639392 2
45 0 NCT00711698 2
45 0 NCT00761085 2
46 0 NCT00002104 2
46 0 NCT00004276 2
46 0 NCT00005739 2
46 0 NCT00128193 2
46 0 NCT00130247 2
46 0 NCT00144417 2
46 0 NCT00201253 2
46 0 NCT00266383 2
46 0 NCT00298870 2
46 0 NCT00340990 2
46 0 NCT00341328 2
46 0 NCT00396084 2
46 0 NCT00425113 2
46 0 NCT00517231 2
46 0 NCT00685360 2
46 0 NCT00864383 2
46 0 NCT00913172 2
47 0 NCT00004727 2
47 0 NCT00009243 2
47 0 NCT00044057 2
47 0 NCT00061373 2
47 0 NCT00238537 2
47 0 NCT00250991 2
47 0 NCT00252239 2
47 0 NCT00279149 2
47 0 NCT00283088 2
47 0 NCT00295204 0
47 0 NCT00368628 2
47 0 NCT00380289 2
47 0 NCT00418275 2
47 0 NCT00479518 2
47 0 NCT00507806 2
47 0 NCT00524238 1
47 0 NCT00540527 2
47 0 NCT00715533 2
47 0 NCT00724555 2
47 0 NCT00796887 2
47 0 NCT00811538 2
47 0 NCT00833989 2
47 0 NCT00887328 2
47 0 NCT00890812 2
48 0 NCT00750139 2
48 0 NCT00802672 2
48 0 NCT00804193 2
48 0 NCT00835510 2
48 0 NCT00848666 2
48 0 NCT00856596 2
49 0 NCT00001253 2
49 0 NCT00001754 2
49 0 NCT00004274 2
49 0 NCT00004275 2
49 0 NCT00004793 2
49 0 NCT00006334 2
49 0 NCT00025870 2
49 0 NCT00054756 0
49 0 NCT00097552 2
49 0 NCT00134745 2
49 0 NCT00163215 2
49 0 NCT00190658 2
49 0 NCT00206375 0
49 0 NCT00234533 2
49 0 NCT00250250 2
49 0 NCT00738205 2
49 0 NCT00747760 0
49 0 NCT00825617 2
49 0 NCT00870220 2
50 0 NCT00264121 2
50 0 NCT00565513 2
50 0 NCT00677989 0
50 0 NCT00919360 0
51 0 NCT00210886 2
51 0 NCT00404625 2
51 0 NCT00809913 1
51 0 NCT00919360 0
51 0 NCT00921024 1
52 0 NCT00006193 0
52 0 NCT00011648 0
52 0 NCT00098384 2
52 0 NCT00128011 2
52 0 NCT00226616 2
52 0 NCT00229944 2
52 0 NCT00230971 2
52 0 NCT00257374 2
52 0 NCT00269399 2
52 0 NCT00276328 2
52 0 NCT00292344 2
52 0 NCT00328380 2
52 0 NCT00359970 2
52 0 NCT00429325 2
52 0 NCT00448422 2
52 0 NCT00663247 0
52 0 NCT00672308 2
52 0 NCT00741052 2
52 0 NCT00760825 2
52 0 NCT00765882 2
52 0 NCT00807326 2
52 0 NCT00918411 2
53 0 NCT00067509 0
53 0 NCT00126763 0
53 0 NCT00250159 0
53 0 NCT00395538 2
53 0 NCT00682214 2
53 0 NCT00742235 2
53 0 NCT00780247 2
53 0 NCT00785824 0
53 0 NCT00933244 2
54 0 NCT00001256 2
54 0 NCT00001473 2
54 0 NCT00001761 2
54 0 NCT00004567 2
54 0 NCT00005007 2
54 0 NCT00040248 2
54 0 NCT00104299 2
54 0 NCT00307593 2
54 0 NCT00307658 2
54 0 NCT00315393 2
54 0 NCT00414128 2
54 0 NCT00530075 2
55 0 NCT00004339 2
55 0 NCT00212355 2
55 0 NCT00212368 2
56 0 NCT00001981 2
56 0 NCT00054756 2
56 0 NCT00068042 2
56 0 NCT00279149 0
56 0 NCT00376064 1
56 0 NCT00446082 2
56 0 NCT00461188 2
56 0 NCT00461240 2
56 0 NCT00517491 1
56 0 NCT00599092 2
56 0 NCT00600886 2
56 0 NCT00616642 2
56 0 NCT00652379 1
56 0 NCT00703079 2
56 0 NCT00765323 1
56 0 NCT00798057 2
56 0 NCT00921609 2
56 0 NCT00939523 2
57 0 NCT00124033 2
57 0 NCT00483912 1
57 0 NCT00531219 2
57 0 NCT00550511 2
57 0 NCT00580749 2
57 0 NCT00661882 0
57 0 NCT00699933 2
57 0 NCT00786929 2
57 0 NCT00807729 2
57 0 NCT00870766 2
57 0 NCT00894907 2
57 0 NCT00919074 2
58 0 NCT00005926 0
58 0 NCT00195923 2
58 0 NCT00462020 2
58 0 NCT00528138 2
58 0 NCT00629135 0
58 0 NCT00630071 2
58 0 NCT00673374 1
58 0 NCT00677417 2
58 0 NCT00677989 2
58 0 NCT00854815 2
58 0 NCT00913380 1
58 0 NCT00971438 1
59 0 NCT00005564 2
59 0 NCT00046748 2
59 0 NCT00096954 2
59 0 NCT00102765 2
59 0 NCT00109200 2
59 0 NCT00113633 2
59 0 NCT00130351 2
59 0 NCT00140439 2
59 0 NCT00149461 2
59 0 NCT00156819 2
59 0 NCT00163410 2
59 0 NCT00180661 1
59 0 NCT00182481 1
59 0 NCT00213252 2
59 0 NCT00262340 2
59 0 NCT00269282 2
59 0 NCT00394329 2
59 0 NCT00404859 2
59 0 NCT00411346 2
59 0 NCT00471809 2
59 0 NCT00479739 1
59 0 NCT00515775 2
59 0 NCT00576069 2
59 0 NCT00583778 2
59 0 NCT00585039 2
59 0 NCT00603278 2
59 0 NCT00641914 2
59 0 NCT00649025 2
59 0 NCT00651768 2
59 0 NCT00655616 2
59 0 NCT00662298 1
59 0 NCT00672529 2
59 0 NCT00708227 2
59 0 NCT00766090 2
59 0 NCT00784758 2
59 0 NCT00801853 1
59 0 NCT00900874 2
59 0 NCT00916240 2
59 0 NCT00954850 1
60 0 NCT00064649 2
60 0 NCT00090103 2
60 0 NCT00111592 2
60 0 NCT00169767 2
60 0 NCT00199550 2
60 0 NCT00270309 1
60 0 NCT00290030 2
60 0 NCT00309439 2
60 0 NCT00381108 2
60 0 NCT00431626 2
60 0 NCT00453908 2
60 0 NCT00540891 2
60 0 NCT00578240 2
60 0 NCT00591240 2
60 0 NCT00651807 1
60 0 NCT00662064 2
60 0 NCT00668122 0
60 0 NCT00680680 2
60 0 NCT00687388 2
60 0 NCT00861588 2
60 0 NCT00889707 2
60 0 NCT00908427 2
60 0 NCT00939120 2
60 0 NCT00941343 2
60 0 NCT00947882 2
61 0 NCT00001250 0
61 0 NCT00005635 2
61 0 NCT00005970 2
61 0 NCT00019812 2
61 0 NCT00028340 2
61 0 NCT00041119 2
61 0 NCT00050167 2
61 0 NCT00070564 2
61 0 NCT00076024 2
61 0 NCT00096291 2
61 0 NCT00103181 0
61 0 NCT00146042 2
61 0 NCT00199212 2
61 0 NCT00214149 0
61 0 NCT00233974 2
61 0 NCT00243685 2
61 0 NCT00338182 2
61 0 NCT00365365 2
61 0 NCT00372424 2
61 0 NCT00507611 2
61 0 NCT00527293 0
61 0 NCT00532285 2
61 0 NCT00599989 0
61 0 NCT00645541 2
61 0 NCT00688740 2
61 0 NCT00696527 2
61 0 NCT00701584 2
61 0 NCT00734838 2
61 0 NCT00734955 2
61 0 NCT00864175 2
61 0 NCT00869674 2
61 0 NCT00882089 0
61 0 NCT00888589 2
61 0 NCT00898508 2
61 0 NCT00898937 2
61 0 NCT00909909 1
61 0 NCT00912444 2
61 0 NCT00965276 2
62 0 NCT00005189 2
62 0 NCT00005203 2
62 0 NCT00005372 2
62 0 NCT00006295 2
62 0 NCT00011258 1
62 0 NCT00013741 2
62 0 NCT00050817 2
62 0 NCT00106938 1
62 0 NCT00172419 2
62 0 NCT00177346 1
62 0 NCT00180518 1
62 0 NCT00247533 1
62 0 NCT00271076 2
62 0 NCT00295204 0
62 0 NCT00307307 2
62 0 NCT00353730 2
62 0 NCT00417963 1
62 0 NCT00451529 2
62 0 NCT00514592 2
62 0 NCT00689377 2
62 0 NCT00744523 1
62 0 NCT00772278 1
62 0 NCT00805311 1
62 0 NCT00919165 1
63 0 NCT00124033 1
63 0 NCT00269399 0
63 0 NCT00416234 2
63 0 NCT00447304 0
63 0 NCT00550511 0
63 0 NCT00580749 0
63 0 NCT00613093 0
63 0 NCT00673374 0
64 0 NCT00001729 1
64 0 NCT00001982 2
64 0 NCT00004851 2
64 0 NCT00043303 1
64 0 NCT00133276 2
64 0 NCT00148837 2
64 0 NCT00154869 2
64 0 NCT00160940 2
64 0 NCT00225537 2
64 0 NCT00230854 1
64 0 NCT00255177 2
64 0 NCT00272389 2
64 0 NCT00361179 2
64 0 NCT00418639 1
64 0 NCT00512941 2
64 0 NCT00565539 2
64 0 NCT00602784 1
64 0 NCT00610597 2
64 0 NCT00629668 2
64 0 NCT00630006 2
64 0 NCT00842205 2
64 0 NCT00852293 2
64 0 NCT00946010 2
64 0 NCT00957866 2
64 0 NCT00962936 2
64 0 NCT00979979 2
64 0 NCT00998985 2
65 0 NCT00005754 2
65 0 NCT00127322 2
65 0 NCT00130611 2
65 0 NCT00271128 0
65 0 NCT00353730 0
65 0 NCT00383799 0
65 0 NCT00434096 0
65 0 NCT00466713 2
65 0 NCT00570154 0
65 0 NCT00592072 2
65 0 NCT00628056 2
65 0 NCT00664859 0
65 0 NCT00703443 2
65 0 NCT00732407 2
65 0 NCT00879710 2
66 0 NCT00150033 2
66 0 NCT00206375 2
66 0 NCT00271427 2
66 0 NCT00498238 0
66 0 NCT00524238 1
66 0 NCT00531713 1
66 0 NCT00552487 1
66 0 NCT00565864 1
66 0 NCT00598364 0
66 0 NCT00747760 0
66 0 NCT00958113 2
67 0 NCT00003384 2
67 0 NCT00039312 2
67 0 NCT00119509 1
67 0 NCT00154479 2
67 0 NCT00201370 2
67 0 NCT00266266 2
67 0 NCT00342173 2
67 0 NCT00342511 2
67 0 NCT00435214 2
67 0 NCT00443313 2
67 0 NCT00458562 2
67 0 NCT00462813 2
67 0 NCT00483288 2
67 0 NCT00529464 2
67 0 NCT00594867 0
67 0 NCT00610662 2
67 0 NCT00658190 0
67 0 NCT00682552 2
67 0 NCT00703196 2
67 0 NCT00823511 1
67 0 NCT00872937 2
67 0 NCT00900575 2
68 0 NCT00148044 2
68 0 NCT00299949 2
68 0 NCT00406198 2
68 0 NCT00503165 2
68 0 NCT00604916 2
68 0 NCT00632242 2
68 0 NCT00713193 2
68 0 NCT00752245 2
68 0 NCT00799773 2
68 0 NCT00799916 2
68 0 NCT00971971 2
69 0 NCT00142077 0
69 0 NCT00192413 2
69 0 NCT00230750 2
69 0 NCT00253734 1
69 0 NCT00283283 1
69 0 NCT00311649 0
69 0 NCT00347529 0
69 0 NCT00386113 2
69 0 NCT00396305 2
69 0 NCT00397215 2
69 0 NCT00428753 0
69 0 NCT00430521 0
69 0 NCT00449670 0
69 0 NCT00503165 0
69 0 NCT00596336 0
69 0 NCT00616928 0
69 0 NCT00783926 0
69 0 NCT00798226 0
69 0 NCT00822627 0
69 0 NCT00858611 2
69 0 NCT00860067 1
69 0 NCT00943657 2
69 0 NCT00954798 0
69 0 NCT00964821 2
69 0 NCT00964951 0
69 0 NCT00968890 2
69 0 NCT00973895 0
69 0 NCT00985088 0
69 0 NCT00987350 1
69 0 NCT00988143 2
70 0 NCT00064467 2
70 0 NCT00102492 2
70 0 NCT00104611 2
70 0 NCT00163059 2
70 0 NCT00172549 2
70 0 NCT00320632 1
70 0 NCT00361218 2
70 0 NCT00408031 2
70 0 NCT00448292 2
70 0 NCT00464711 2
70 0 NCT00541957 2
70 0 NCT00613912 2
70 0 NCT00641108 2
70 0 NCT00760097 2
70 0 NCT00762866 2
70 0 NCT00763594 2
70 0 NCT00766870 2
70 0 NCT00866294 1
70 0 NCT00880399 2
70 0 NCT00887224 2
70 0 NCT00938301 0
70 0 NCT00976560 2
70 0 NCT00997490 2
71 0 NCT00005381 2
71 0 NCT00005654 2
71 0 NCT00006193 1
71 0 NCT00065013 2
71 0 NCT00067509 0
71 0 NCT00105066 0
71 0 NCT00120562 2
71 0 NCT00143078 2
71 0 NCT00195793 0
71 0 NCT00203996 2
71 0 NCT00247377 2
71 0 NCT00315822 2
71 0 NCT00317083 2
71 0 NCT00360373 2
71 0 NCT00396513 2
71 0 NCT00434096 2
71 0 NCT00436488 2
71 0 NCT00463112 2
71 0 NCT00473356 2
71 0 NCT00477399 0
71 0 NCT00518466 2
71 0 NCT00622765 2
71 0 NCT00632593 2
71 0 NCT00671983 2
71 0 NCT00719186 0
71 0 NCT00739479 0
71 0 NCT00745251 2
71 0 NCT00770276 2
71 0 NCT00793143 2
71 0 NCT00826774 2
71 0 NCT00846040 2
71 0 NCT00879125 2
71 0 NCT00930228 0
71 0 NCT00971750 2
71 0 NCT00975013 2
72 0 NCT00004682 2
72 0 NCT00243685 0
72 0 NCT00271427 0
72 0 NCT00294658 1
72 0 NCT00306033 1
72 0 NCT00309101 2
72 0 NCT00424489 2
72 0 NCT00515450 2
73 0 NCT00653874 1
73 0 NCT00692224 1
73 0 NCT00735319 1
73 0 NCT00917007 1
73 0 NCT00966719 2
74 0 NCT00044122 0
74 0 NCT00051636 2
74 0 NCT00103740 2
74 0 NCT00150033 0
74 0 NCT00306046 2
74 0 NCT00395538 0
74 0 NCT00480662 2
74 0 NCT00615628 2
74 0 NCT00668200 2
74 0 NCT00747994 2
74 0 NCT00774020 2
75 0 NCT00001928 2
75 0 NCT00001929 2
75 0 NCT00001931 1
75 0 NCT00004731 2
75 0 NCT00105508 2
75 0 NCT00139880 2
75 0 NCT00220272 2
75 0 NCT00228150 2
75 0 NCT00274131 2
75 0 NCT00291265 2
75 0 NCT00329056 2
75 0 NCT00359723 2
75 0 NCT00449865 1
75 0 NCT00465790 2
75 0 NCT00466739 1
75 0 NCT00467597 2
75 0 NCT00517842 2
75 0 NCT00597909 0
75 0 NCT00654563 2
75 0 NCT00666653 1
75 0 NCT00674895 2
75 0 NCT00692328 1
75 0 NCT00736671 2
75 0 NCT00909389 2
75 0 NCT00971165 2
